 02120112100002120   e-e
 01022210002211022   left IL - OL
 00101020112022002   left ** 2
 02102201111102201   left ** 3
 01002001102022201        x  left ** 4


E  1  2  3  4
============= 
0  0  0  0  0
2  1  0  2  1
1  0  1  1  0
2  2  0  0  0
0  2  1  2  2
1  2  0  2  0
1  1  2  0  0
2  0  0  1  1
1  0  1  1  1
0  0  1  1  0
0  2  2  1  2
0  2  0  1  0
0  1  2  0  2
2  1  2  2  2
1  0  0  2  2
2  2  0  0  0
0  2  2  1  1
 


q 0  0
q 1  0
q 0  1
q 2  0
q 2  1
q 2  0
q 1  2
q 0  0
q 0  1
q 0  1
q 2  2
q 2  0
q 1  2
q 1  2
q 0  0
q 2  0
q 2  2
q 0  0
q 0  2
q 1  1
q 0  0
q 1  2
q 0  2
q 2  0
q 0  1
q 1  1
q 1  1
q 2  1
q 0  1
q 2  0
q 2  2
q 0  2
q 0  0
q 2  1
q 0  0
q 2  1
q 1  0
q 0  0
q 2  2
q 2  0
q 0  0
q 1  1
q 1  1
q 1  0
q 1  2
q 1  0
q 0  2
q 2  2
q 2  2
q 0  0
q 1  1
